Table for -1
0	0.248299	0.238095	0.278912	0.234694	
0	0.0986395	0.0918367	0.085034	0.085034	0.105442	0.0544218	0.0714286	0.0646259	0.0714286	0.0544218	0.0748299	0.0816327	0.0612245	
0	0.244898	0.255102	0.241497	0.258503	
0	0.0748299	0.0646259	0.085034	0.0816327	0.0646259	0.0918367	0.0748299	0.047619	0.105442	0.0578231	0.0646259	0.0986395	0.0884354	
0	0.265306	0.210884	0.258503	0.265306	
0	0.0918367	0.085034	0.0816327	0.0816327	0.0646259	0.0646259	0.0714286	0.0782313	0.0816327	0.0578231	0.0884354	0.0714286	0.0816327	
0	0.255102	0.255102	0.258503	0.231293	
0	0.0748299	0.085034	0.0986395	0.0714286	0.0748299	0.0612245	0.0680272	0.0884354	0.115646	0.0714286	0.0714286	0.0544218	0.0646259	
0	0.244898	0.231293	0.244898	0.278912	
0	0.0884354	0.0680272	0.102041	0.0714286	0.0884354	0.085034	0.0782313	0.0612245	0.0646259	0.0646259	0.0986395	0.0680272	0.0612245	
Table for +1
0	0.207497	0.293173	0.246319	0.253012	
0	0.0803213	0.0682731	0.0696118	0.0669344	0.0883534	0.0655957	0.0736278	0.0896921	0.0843373	0.0803213	0.0803213	0.0776439	0.0749665	
0	0.259705	0.261044	0.2249	0.254351	
0	0.0709505	0.105756	0.0963855	0.0749665	0.0736278	0.0615797	0.0722892	0.0709505	0.0829987	0.064257	0.0789826	0.0722892	0.0749665	
0	0.253012	0.251673	0.248996	0.246319	
0	0.0763052	0.0803213	0.0896921	0.0803213	0.0709505	0.0736278	0.0722892	0.0722892	0.0682731	0.0896921	0.0736278	0.0709505	0.08166	
0	0.227577	0.212851	0.294511	0.26506	
0	0.0870147	0.0749665	0.0789826	0.0829987	0.0709505	0.0669344	0.0709505	0.0736278	0.08166	0.0789826	0.0870147	0.0776439	0.0682731	
0	0.262383	0.2249	0.269076	0.243641	
0	0.0829987	0.0776439	0.0937082	0.0789826	0.0696118	0.0776439	0.064257	0.0829987	0.085676	0.0629183	0.0709505	0.0803213	0.0722892	
